0 250
1 253
2 256
3 259
4 262
5 265
6 268
7 272
8 275
9 278
10 281
11 284
12 287
13 290
14 293
15 296
16 300
17 303
18 306
19 309
20 312
21 315
22 318
23 321
24 324
25 327
26 330
27 333
28 336
29 339
30 342
31 345
32 347
33 350
34 353
35 356
36 359
37 362
38 365
39 367
40 370
41 373
42 376
43 378
44 381
45 384
46 386
47 389
48 391
49 394
50 397
51 399
52 402
53 404
54 407
55 409
56 411
57 414
58 416
59 418
60 421
61 423
62 425
63 427
64 430
65 432
66 434
67 436
68 438
69 440
70 442
71 444
72 446
73 448
74 450
75 452
76 454
77 455
78 457
79 459
80 461
81 462
82 464
83 466
84 467
85 469
86 470
87 472
88 473
89 474
90 476
91 477
92 478
93 480
94 481
95 482
96 483
97 484
98 485
99 486
100 487
101 488
102 489
103 490
104 491
105 492
106 492
107 493
108 494
109 494
110 495
111 496
112 496
113 497
114 497
115 498
116 498
117 498
118 499
119 499
120 499
121 499
122 499
123 499
124 499
125 499
126 499
127 499
128 499
129 499
130 499
131 499
132 499
133 498
134 498
135 498
136 497
137 497
138 496
139 496
140 495
141 494
142 494
143 493
144 492
145 492
146 491
147 490
148 489
149 488
150 487
151 486
152 485
153 484
154 483
155 482
156 481
157 480
158 478
159 477
160 476
161 474
162 473
163 472
164 470
165 469
166 467
167 465
168 464
169 462
170 461
171 459
172 457
173 455
174 454
175 452
176 450
177 448
178 446
179 444
180 442
181 440
182 438
183 436
184 434
185 432
186 430
187 427
188 425
189 423
190 421
191 418
192 416
193 414
194 411
195 409
196 406
197 404
198 401
199 399
200 396
201 394
202 391
203 389
204 386
205 383
206 381
207 378
208 375
209 373
210 370
211 367
212 364
213 362
214 359
215 356
216 353
217 350
218 347
219 344
220 342
221 339
222 336
223 333
224 330
225 327
226 324
227 321
228 318
229 315
230 312
231 309
232 306
233 302
234 299
235 296
236 293
237 290
238 287
239 284
240 281
241 278
242 275
243 271
244 268
245 265
246 262
247 259
248 256
249 253
250 250
251 247
252 244
253 241
254 238
255 235
256 232
257 229
258 225
259 222
260 219
261 216
262 213
263 210
264 207
265 204
266 201
267 198
268 194
269 191
270 188
271 185
272 182
273 179
274 176
275 173
276 170
277 167
278 164
279 161
280 158
281 156
282 153
283 150
284 147
285 144
286 141
287 138
288 136
289 133
290 130
291 127
292 125
293 122
294 119
295 117
296 114
297 111
298 109
299 106
300 104
301 101
302 99
303 96
304 94
305 91
306 89
307 86
308 84
309 82
310 79
311 77
312 75
313 73
314 70
315 68
316 66
317 64
318 62
319 60
320 58
321 56
322 54
323 52
324 50
325 48
326 46
327 45
328 43
329 41
330 39
331 38
332 36
333 35
334 33
335 31
336 30
337 28
338 27
339 26
340 24
341 23
342 22
343 20
344 19
345 18
346 17
347 16
348 15
349 14
350 13
351 12
352 11
353 10
354 9
355 8
356 8
357 7
358 6
359 6
360 5
361 4
362 4
363 3
364 3
365 2
366 2
367 2
368 1
369 1
370 1
371 1
372 1
373 1
374 1
375 1
376 1
377 1
378 1
379 1
380 1
381 1
382 1
383 2
384 2
385 2
386 3
387 3
388 4
389 4
390 5
391 6
392 6
393 7
394 8
395 8
396 9
397 10
398 11
399 12
400 13
401 14
402 15
403 16
404 17
405 18
406 19
407 20
408 22
409 23
410 24
411 26
412 27
413 28
414 30
415 31
416 33
417 34
418 36
419 38
420 39
421 41
422 43
423 45
424 46
425 48
426 50
427 52
428 54
429 56
430 58
431 60
432 62
433 64
434 66
435 68
436 70
437 73
438 75
439 77
440 79
441 82
442 84
443 86
444 89
445 91
446 93
447 96
448 98
449 101
450 103
451 106
452 109
453 111
454 114
455 116
456 119
457 122
458 124
459 127
460 130
461 133
462 135
463 138
464 141
465 144
466 147
467 150
468 153
469 155
470 158
471 161
472 164
473 167
474 170
475 173
476 176
477 179
478 182
479 185
480 188
481 191
482 194
483 197
484 200
485 204
486 207
487 210
488 213
489 216
490 219
491 222
492 225
493 228
494 232
495 235
496 238
497 241
498 244
499 247
500 250
